	id	tempo	min_atividade_fisica	PA
1	1	1	43.38497514	78.69227239
2	1	2	46.28684596	79.20793597
3	1	3	44.77611919	75.40360494
4	1	4	44.47356703	79.27398874
5	1	5	42.66133913	84.29688187
6	1	6	45.38111165	87.15084639
7	1	7	43.16148142	89.5251373
8	1	8	40.51236902	89.2949365
9	1	9	44.37551527	88.69226186
10	1	10	48.27318465	82.97296023
11	2	1	46.4325392	89.85450843
12	2	2	49.98247305	83.43798567
13	2	3	43.30493196	87.27310945
14	2	4	47.99189419	76.02201367
15	2	5	49.7168017	82.32317708
16	2	6	49.06204017	84.86310345
17	2	7	48.47560867	89.72062319
18	2	8	46.23646206	92.30665253
19	2	9	45.60946705	96.79836568
20	2	10	45.08619371	100.1236198
21	3	1	62.8226063	81.22744226
22	3	2	59.62724267	87.93025012
23	3	3	60.99799418	90.08003172
24	3	4	61.70138994	77.77754107
25	3	5	68.00125253	74.72509108
26	3	6	60.51381681	80.62770931
27	3	7	63.17582623	82.7567167
28	3	8	62.70354906	77.08139277
29	3	9	59.58409661	81.90905973
30	3	10	62.25574225	85.59095981
31	4	1	54.89771971	79.40238447
32	4	2	51.91857929	81.69370752
33	4	3	50.6877659	81.55784784
34	4	4	49.29657663	78.29986576
35	4	5	44.40432547	84.31030321
36	4	6	53.95807877	78.89904627
37	4	7	46.18214692	84.6833413
38	4	8	52.78390966	89.22191959
39	4	9	56.29137784	82.22200734
40	4	10	46.23238765	86.0110479
41	5	1	53.13965489	80.8774087
42	5	2	50.24770941	85.6365799
43	5	3	46.3178694	83.44375573
44	5	4	46.49029892	86.65261692
45	5	5	46.22969336	89.27828976
46	5	6	49.44158231	85.17236801
47	5	7	46.64903513	86.07749951
48	5	8	53.0980522	86.2644726
49	5	9	57.3346287	84.97368737
50	5	10	47.17321045	88.87388379
51	6	1	66.08373644	79.26113917
52	6	2	66.02764662	80.22547712
53	6	3	64.71712763	77.086335
54	6	4	60.69539007	79.53237998
55	6	5	63.36216208	80.83408343
56	6	6	62.87933389	78.3870004
57	6	7	65.40948849	77.53957232
58	6	8	62.60320363	75.38791715
59	6	9	66.65144006	79.98786158
60	6	10	62.59677732	83.46940208
61	7	1	56.84546404	78.19492003
62	7	2	50.53979863	81.56367579
63	7	3	49.90686391	77.66379362
64	7	4	63.41044945	81.01241177
65	7	5	52.43675688	81.12246587
66	7	6	54.58201242	78.4883597
67	7	7	55.59703867	80.05868952
68	7	8	52.23598777	86.13915489
69	7	9	55.23791578	83.39735138
70	7	10	54.79422323	81.1869529
71	8	1	39.2333686	76.22391133
72	8	2	40.07538922	80.82800576
73	8	3	39.77730836	80.97553091
74	8	4	46.26486582	81.6110821
75	8	5	37.65550183	88.50412761
76	8	6	36.59152132	91.21085413
77	8	7	39.99287532	93.57616053
78	8	8	40.81095237	88.95473967
79	8	9	41.18908056	93.83171834
80	8	10	38.50441413	92.95629615
81	9	1	41.31519878	86.68895724
82	9	2	48.29473271	83.45957758
83	9	3	43.45622602	89.40288362
84	9	4	41.9086386	81.37737894
85	9	5	43.79633848	88.53588019
86	9	6	43.9136495	87.75643076
87	9	7	47.83493805	86.00536571
88	9	8	44.75938906	84.36922365
89	9	9	46.76733854	85.52928044
90	9	10	43.00730113	88.99362283
91	10	1	47.07804017	78.81937411
92	10	2	45.4606465	85.3548699
93	10	3	46.71845482	79.85417426
94	10	4	43.74861417	81.17905156
95	10	5	42.50229964	82.28849294
96	10	6	52.42634439	79.92108273
97	10	7	48.23683071	89.18238099
98	10	8	42.68089015	98.58184377
99	10	9	44.60120649	100.4252451
100	10	10	42.87826399	101.6121259
101	11	1	66.38908543	76.32041457
102	11	2	63.72989331	82.08692537
103	11	3	58.99721921	77.17463035
104	11	4	61.42223656	73.57558287
105	11	5	58.54963454	77.22380731
106	11	6	58.3639137	78.87139225
107	11	7	57.42684587	79.19380755
108	11	8	58.00880258	78.85411961
109	11	9	64.74537678	77.44805746
110	11	10	59.63057	82.96969879
111	12	1	53.23624633	80.98783636
112	12	2	53.60957291	83.81089214
113	12	3	56.57593825	81.21808452
114	12	4	51.33031912	77.0928536
115	12	5	49.90098917	82.1720235
116	12	6	57.90560141	82.62771159
117	12	7	51.55502097	85.72920606
118	12	8	50.70931271	82.02189709
119	12	9	49.16969126	90.16104388
120	12	10	49.02436345	82.72567104
121	13	1	51.48425117	75.35337297
122	13	2	55.06012906	80.73220435
123	13	3	56.53571602	80.13289248
124	13	4	55.32893667	80.67786587
125	13	5	52.11519971	86.63897604
126	13	6	53.38542142	86.78860428
127	13	7	51.09238221	84.61009412
128	13	8	51.05451712	82.72612986
129	13	9	55.8601231	75.10514505
130	13	10	50.15939387	78.51811144
131	14	1	56.75134362	79.30161719
132	14	2	50.61450295	77.10894985
133	14	3	51.52907821	76.0450734
134	14	4	48.66987861	81.91989536
135	14	5	49.16229566	85.67069896
136	14	6	46.93441333	92.27336223
137	14	7	50.33668556	92.39214676
138	14	8	52.14240894	98.80947369
139	14	9	51.85837476	94.64880201
140	14	10	48.54085227	89.99929646
141	15	1	43.18740501	86.34107311
142	15	2	44.04667477	86.84953102
143	15	3	50.04145293	84.80787817
144	15	4	42.14136006	83.67089569
145	15	5	45.01611614	83.59081103
146	15	6	51.26035639	85.22020087
147	15	7	45.25034627	91.32877611
148	15	8	41.47374881	98.30872576
149	15	9	43.55896262	94.00097613
150	15	10	47.00965086	95.72207139
151	16	1	63.16849648	73.26674241
152	16	2	62.609676	72.98781599
153	16	3	63.26355339	69.13193173
154	16	4	64.56679504	71.54134816
155	16	5	69.09083141	74.90340548
156	16	6	64.02960976	75.11063631
157	16	7	67.53770358	72.10546841
158	16	8	66.18756744	77.401535
159	16	9	63.95438541	82.61644263
160	16	10	59.69659909	85.25192613
161	17	1	52.41945187	74.38333047
162	17	2	52.51319247	78.25001456
163	17	3	54.12426712	74.87678076
164	17	4	57.88339986	75.83548274
165	17	5	60.86204075	75.71448048
166	17	6	58.625547	80.33829595
167	17	7	53.58335093	84.3566078
168	17	8	48.71322164	87.2635528
169	17	9	52.81646423	82.26295377
170	17	10	54.2504255	87.98470079
171	18	1	36.80210176	82.93413177
172	18	2	37.15464665	84.46844433
173	18	3	36.31999104	82.81871944
174	18	4	30.0812397	85.58357391
175	18	5	36.81599188	84.87721545
176	18	6	32.9273911	87.07792882
177	18	7	34.79147085	90.26752583
178	18	8	34.49071628	92.25095773
179	18	9	35.55156304	91.80855838
180	18	10	34.3410877	94.95313605
181	19	1	50.60842192	84.02395265
182	19	2	57.82033511	82.43312646
183	19	3	56.76892692	80.29733744
184	19	4	54.81389234	81.24659849
185	19	5	55.96528075	78.97714254
186	19	6	56.01296315	85.0068684
187	19	7	56.27390562	90.860318
188	19	8	60.53338571	84.92092385
189	19	9	54.95369608	88.2005151
190	19	10	56.11504336	78.53340374
191	20	1	49.72282036	72.36495395
192	20	2	49.38021181	72.82314043
193	20	3	49.65345807	76.99750984
194	20	4	44.48526473	83.56933689
195	20	5	52.22511693	78.90026092
196	20	6	46.41777135	85.32967461
197	20	7	51.81822427	82.68276919
198	20	8	42.16496068	90.26431993
199	20	9	46.2806195	93.1695458
200	20	10	49.96741245	94.06349098
201	21	1	39.31168379	83.0275246
202	21	2	39.19934345	89.25841441
203	21	3	38.64179424	89.22731958
204	21	4	38.29987051	91.73535618
205	21	5	40.14593175	94.33007034
206	21	6	42.45094787	94.14603082
207	21	7	35.41477886	93.9526499
208	21	8	42.09335165	88.24079854
209	21	9	45.16743549	89.7526483
210	21	10	47.57013241	87.8504516
211	22	1	52.15972866	80.88459509
212	22	2	50.52652497	79.3934224
213	22	3	43.07600949	84.95655279
214	22	4	46.45168056	77.29828163
215	22	5	47.20006131	76.05733843
216	22	6	50.36677239	80.83545619
217	22	7	47.93918668	79.39464662
218	22	8	44.4802548	84.50024192
219	22	9	53.30950781	82.34448825
220	22	10	50.99037456	82.32322538
221	23	1	42.50425523	89.86719631
222	23	2	45.44629024	90.57176885
223	23	3	37.77564155	100.9580968
224	23	4	43.77442531	95.02727528
225	23	5	40.22322728	89.86261347
226	23	6	43.84320098	80.30989008
227	23	7	41.60949855	82.73169015
228	23	8	43.69084655	79.6100215
229	23	9	45.79851726	90.05917503
230	23	10	41.81383468	98.75462943
231	24	1	47.22154608	84.78101861
232	24	2	40.60356806	81.38784483
233	24	3	42.00405684	85.40595126
234	24	4	48.7265233	87.79898539
235	24	5	45.30103408	88.76039944
236	24	6	38.0122017	92.14129027
237	24	7	40.07675781	93.79460499
238	24	8	43.56652712	93.62065668
239	24	9	46.76620838	94.2936243
240	24	10	43.8632204	90.46485176
241	25	1	46.87224827	75.91863566
242	25	2	47.87670199	80.27908895
243	25	3	50.01285034	78.23625414
244	25	4	45.16773606	83.53298109
245	25	5	44.84374014	86.04360981
246	25	6	39.73997378	90.53926574
247	25	7	45.29766864	92.44854146
248	25	8	43.28413568	97.06799953
249	25	9	42.07765711	96.16311338
250	25	10	44.45996716	88.22754355
251	26	1	39.55128303	85.51633494
252	26	2	30.52820805	92.74411313
253	26	3	35.22461565	93.87880835
254	26	4	36.85636536	93.1590549
255	26	5	33.8268308	91.69914006
256	26	6	37.50816234	94.75766225
257	26	7	37.74074328	88.79830872
258	26	8	36.40734504	82.31130776
259	26	9	29.10875893	90.9681238
260	26	10	44.22082795	88.72614581
261	27	1	56.08639858	74.15225656
262	27	2	58.6558762	73.43573219
263	27	3	57.52359583	75.07881848
264	27	4	59.77631606	74.31103414
265	27	5	59.1552747	69.62085185
266	27	6	56.07291684	69.42682537
267	27	7	57.83679967	74.3818388
268	27	8	53.86606986	81.71395717
269	27	9	59.27306539	78.50594935
270	27	10	55.31918134	85.73239496
271	28	1	58.477305	84.53580338
272	28	2	46.27383826	94.51269452
273	28	3	49.83502321	87.73661914
274	28	4	53.70312453	82.20697059
275	28	5	52.75738258	79.36616945
276	28	6	49.45854183	85.4971394
277	28	7	48.23664272	86.74204875
278	28	8	51.66041206	85.68452487
279	28	9	51.1840627	87.89127199
280	28	10	45.85614123	85.43743893
281	29	1	40.99855771	85.3985663
282	29	2	41.46559545	80.3659174
283	29	3	41.41908369	82.5950784
284	29	4	37.72985338	85.76316293
285	29	5	42.32330434	88.67098321
286	29	6	45.03061491	81.98430184
287	29	7	42.26361371	84.63629488
288	29	8	37.48813909	91.64951489
289	29	9	39.58796809	93.91310874
290	29	10	41.93321536	92.20011274
291	30	1	58.08938247	84.00050311
292	30	2	53.55758036	85.17183966
293	30	3	62.68327183	81.17643977
294	30	4	57.54208653	85.44578038
295	30	5	58.30983856	85.53654725
296	30	6	64.5422212	74.78126929
297	30	7	57.70808458	78.46945816
298	30	8	62.56771399	79.88542706
299	30	9	56.24847073	84.92605018
300	30	10	58.96689216	88.02738914
301	31	1	53.19104571	84.37822009
302	31	2	49.9057595	91.41431777
303	31	3	51.50746898	85.60692186
304	31	4	53.32518911	85.79139592
305	31	5	55.42380168	84.27098876
306	31	6	48.46007414	87.02203367
307	31	7	52.36245105	90.81179556
308	31	8	55.68093309	84.25201964
309	31	9	51.79528629	87.07080627
310	31	10	54.09358954	90.07127073
311	32	1	49.11611385	76.12955083
312	32	2	48.44293318	76.62036107
313	32	3	49.59920117	81.35072272
314	32	4	47.27130215	85.69170702
315	32	5	46.3983986	87.36335099
316	32	6	39.70998128	92.12207098
317	32	7	47.36060508	86.65137935
318	32	8	48.93028223	87.26074627
319	32	9	49.24562466	85.71378175
320	32	10	45.97359308	91.23742923
321	33	1	62.49951402	69.91819324
322	33	2	58.02027855	77.98467225
323	33	3	57.53995286	79.81373166
324	33	4	60.97780563	76.94886173
325	33	5	55.00560662	80.70811321
326	33	6	55.80998942	82.21318303
327	33	7	64.35336273	82.98649112
328	33	8	57.19439285	85.94180205
329	33	9	62.06171055	85.17157931
330	33	10	52.84548535	93.09502071
331	34	1	56.45351749	75.11197059
332	34	2	58.16033961	85.38599395
333	34	3	57.92518354	85.59440782
334	34	4	54.00815912	80.33917987
335	34	5	57.08284572	77.56326147
336	34	6	53.79280594	75.03087256
337	34	7	59.16317788	75.35664263
338	34	8	60.27939317	78.47003403
339	34	9	50.35010481	83.71250527
340	34	10	60.73214829	74.52727925
341	35	1	52.84951516	75.09025026
342	35	2	57.93695646	71.03815946
343	35	3	58.55235657	75.97183208
344	35	4	55.97297917	78.79307811
345	35	5	54.63730678	84.05819866
346	35	6	57.06861172	86.23563973
347	35	7	57.88910476	80.88851228
348	35	8	59.22255711	85.44484032
349	35	9	50.4156377	94.67817198
350	35	10	51.66351085	87.68755131
351	36	1	59.80032906	69.56357502
352	36	2	58.64900857	72.34431
353	36	3	56.81498888	74.41668091
354	36	4	57.65465725	74.01050481
355	36	5	58.26064679	72.01702408
356	36	6	47.52635364	74.74930785
357	36	7	58.83995332	73.98091897
358	36	8	54.05415924	81.31084578
359	36	9	56.20097252	80.15881321
360	36	10	54.62364863	89.35408895
361	37	1	57.04723609	78.54579395
362	37	2	53.38592388	81.07525365
363	37	3	55.98685253	81.28985057
364	37	4	53.25928629	83.19957712
365	37	5	51.1529796	88.04989392
366	37	6	58.06137276	82.78181334
367	37	7	56.65404126	86.02458391
368	37	8	59.60412795	86.69947964
369	37	9	54.62680303	91.06823995
370	37	10	57.80634947	91.72927932
371	38	1	55.43096348	80.78614308
372	38	2	48.66025997	84.07528163
373	38	3	45.53585298	87.70918158
374	38	4	48.78665161	93.10354486
375	38	5	48.8625826	86.13563161
376	38	6	49.95974783	82.76000225
377	38	7	54.64162125	85.82680625
378	38	8	48.52627464	85.95579914
379	38	9	50.62372028	84.64695627
380	38	10	48.82165412	78.77356156
381	39	1	47.61365082	74.19998777
382	39	2	48.49447168	76.41332359
383	39	3	51.53694278	80.41111651
384	39	4	47.91625382	77.83445774
385	39	5	49.69082565	77.2482157
386	39	6	49.88887878	79.94113455
387	39	7	50.2966185	77.13258175
388	39	8	45.82911503	87.68758395
389	39	9	52.43294233	83.99889505
390	39	10	46.40942847	91.51096138
391	40	1	46.63887949	76.43858192
392	40	2	51.1683828	78.90199497
393	40	3	50.83848371	86.73668335
394	40	4	43.68625637	90.14868181
395	40	5	44.33701899	87.07866041
396	40	6	42.88199481	81.22494131
397	40	7	47.50177357	79.69049276
398	40	8	47.4507546	82.01557042
399	40	9	48.04857605	79.75272636
400	40	10	48.61270513	86.31184998
401	41	1	42.63666563	83.59530656
402	41	2	41.4612484	85.94006836
403	41	3	47.52269934	88.58064235
404	41	4	46.69552808	88.32768622
405	41	5	39.91484456	91.66341606
406	41	6	44.15690182	96.4491171
407	41	7	41.7545007	91.05976971
408	41	8	38.23009096	89.17833945
409	41	9	44.89270456	86.79473707
410	41	10	44.20470904	94.4020324
411	42	1	48.04455397	84.64350372
412	42	2	48.9851194	89.49263316
413	42	3	50.98405727	89.23199973
414	42	4	48.95345429	87.6953671
415	42	5	46.48735425	86.96825724
416	42	6	46.13226402	82.94132671
417	42	7	47.9412534	82.34602875
418	42	8	49.26671274	82.503966
419	42	9	45.21762072	86.71102637
420	42	10	47.78373517	89.10259733
421	43	1	42.77863097	84.91588009
422	43	2	39.55198891	83.04921143
423	43	3	37.78156718	87.48698413
424	43	4	39.04899368	90.21503482
425	43	5	43.22077482	84.36819505
426	43	6	41.52696107	90.07998213
427	43	7	43.58685659	89.64355969
428	43	8	40.29412276	88.16249943
429	43	9	41.10765448	87.80606433
430	43	10	38.20145845	90.44800572
431	44	1	69.16775973	67.70011044
432	44	2	65.8326471	70.25579171
433	44	3	63.08995121	69.73232003
434	44	4	67.73562662	67.43920458
435	44	5	73.18920138	66.67796561
436	44	6	69.75439074	72.81109626
437	44	7	70.84740789	71.81129963
438	44	8	68.42821489	73.86325421
439	44	9	65.52597619	75.61868855
440	44	10	66.74492516	79.566696
441	45	1	58.84395167	69.02337757
442	45	2	58.25759665	76.28537912
443	45	3	61.77619784	74.07284593
444	45	4	56.07160548	78.24121333
445	45	5	62.26279438	75.02089983
446	45	6	62.25615345	75.3140024
447	45	7	56.06782891	79.79237849
448	45	8	61.58217198	74.36688902
449	45	9	66.95437594	78.29257708
450	45	10	57.99204954	86.86365416
451	46	1	43.54984406	84.49709053
452	46	2	38.6685258	84.2279085
453	46	3	44.34726559	84.0510948
454	46	4	41.76460549	93.36069284
455	46	5	45.97087751	89.39830945
456	46	6	36.63821915	91.94611455
457	46	7	40.86123768	86.3606616
458	46	8	39.43435581	85.55429778
459	46	9	40.42333673	89.64176371
460	46	10	39.12639511	88.97446306
461	47	1	44.27539058	82.02574592
462	47	2	48.51308844	79.62274486
463	47	3	43.51417918	84.32261724
464	47	4	51.22901411	86.74035044
465	47	5	43.21830156	88.98571059
466	47	6	47.08015877	86.23562245
467	47	7	48.37588918	90.11012408
468	47	8	48.53712733	93.23842801
469	47	9	45.87168133	94.25358596
470	47	10	47.0154273	93.39929564
471	48	1	49.15054963	76.52540487
472	48	2	41.89735942	82.97684517
473	48	3	43.92153804	84.51632759
474	48	4	47.22796411	80.40485405
475	48	5	44.93241124	80.39596696
476	48	6	50.37676915	79.31465885
477	48	7	48.28651876	84.30977885
478	48	8	46.48325743	83.01874352
479	48	9	41.74348522	82.33688886
480	48	10	46.34505785	80.55738394
481	49	1	55.29047334	73.06947143
482	49	2	55.93268141	75.59500225
483	49	3	52.69504327	84.64462432
484	49	4	57.73569508	82.55490815
485	49	5	53.12285163	87.49688361
486	49	6	55.561055	90.42865472
487	49	7	57.38399844	85.87404276
488	49	8	53.88917358	91.4930283
489	49	9	57.98869516	86.15194523
490	49	10	52.29018974	87.93300897
491	50	1	40.90372343	87.89784948
492	50	2	50.72795144	91.65125333
493	50	3	51.85466695	82.78261434
494	50	4	48.4755112	91.41493205
495	50	5	50.84542623	92.5235151
496	50	6	45.86529789	95.59610831
497	50	7	48.95160165	97.72765099
498	50	8	43.50849234	96.85088155
499	50	9	52.87659014	90.65309987
500	50	10	54.91278005	88.86278525
501	51	1	55.24858489	77.26146004
502	51	2	51.94450721	76.94010858
503	51	3	51.92655709	82.41388254
504	51	4	47.47834524	86.5555395
505	51	5	54.39770414	80.5002874
506	51	6	51.39434557	83.89798303
507	51	7	50.05631934	90.99666178
508	51	8	47.79047073	95.92031828
509	51	9	51.12726062	83.54020573
510	51	10	49.47936471	89.22925259
511	52	1	48.5805344	79.14731565
512	52	2	46.11882599	77.38082512
513	52	3	54.83439441	73.34061921
514	52	4	49.72361838	76.59870933
515	52	5	52.99646119	78.16297227
516	52	6	41.96652695	81.18820206
517	52	7	48.41203247	82.46473433
518	52	8	47.74517908	90.8061465
519	52	9	46.10284742	88.26216964
520	52	10	54.41145342	84.64715264
521	53	1	45.41119058	72.81198829
522	53	2	50.61220712	75.33867513
523	53	3	52.1963452	74.6568593
524	53	4	50.19160691	82.04652023
525	53	5	47.03126991	84.7436993
526	53	6	52.48053376	83.73241108
527	53	7	50.16880059	90.85734605
528	53	8	46.46654262	99.40933577
529	53	9	45.4928892	100.6296149
530	53	10	55.91718865	100.894296
531	54	1	58.91330884	78.74965456
532	54	2	55.38210331	84.28928554
533	54	3	62.54859636	84.1390934
534	54	4	61.87950904	93.26362572
535	54	5	56.88731526	93.00707382
536	54	6	55.11994903	89.92666266
537	54	7	60.59991072	89.31372381
538	54	8	64.36700715	85.18899301
539	54	9	62.85719038	83.22553034
540	54	10	59.470006	87.42785488
541	55	1	45.69126742	89.44684426
542	55	2	49.00703238	88.15628779
543	55	3	48.66589216	90.58831182
544	55	4	50.08296735	86.47991971
545	55	5	47.00643826	90.52942805
546	55	6	50.89189427	87.22478028
547	55	7	45.70139753	82.72154447
548	55	8	47.20219801	88.5877312
549	55	9	50.41627569	95.79328524
550	55	10	51.16374694	94.42774421
551	56	1	56.31625073	86.28615381
552	56	2	62.45333606	83.87616269
553	56	3	63.95810187	87.86214841
554	56	4	57.77929189	86.52670237
555	56	5	63.57364164	87.60746103
556	56	6	59.64724202	82.13218775
557	56	7	65.19252387	83.63308135
558	56	8	63.74721093	90.02747166
559	56	9	64.43892172	92.51092526
560	56	10	62.49392282	88.51552109
561	57	1	40.20092287	86.24891388
562	57	2	41.75152115	84.2031491
563	57	3	43.50872161	79.18020155
564	57	4	37.5247924	83.53197389
565	57	5	30.8628243	83.6014369
566	57	6	37.70455558	84.79778852
567	57	7	38.22666119	88.52281864
568	57	8	37.14394152	93.72586843
569	57	9	39.31484343	85.79925777
570	57	10	40.64201146	88.21340416
571	58	1	53.12296271	79.4302734
572	58	2	53.79462402	79.30518516
573	58	3	55.87043662	77.19105664
574	58	4	53.02623877	81.71739703
575	58	5	54.95071215	80.18232059
576	58	6	48.7917872	91.98092886
577	58	7	51.31721083	90.83145499
578	58	8	50.69364357	88.65566932
579	58	9	52.11603891	88.49153774
580	58	10	52.59699641	92.77936299
581	59	1	52.13774938	72.3546045
582	59	2	53.93717296	75.176597
583	59	3	48.80868336	82.77106206
584	59	4	48.000317	84.42865178
585	59	5	47.86576737	80.96935267
586	59	6	49.74706777	85.89917176
587	59	7	50.27374675	84.41871711
588	59	8	52.44168655	82.69333493
589	59	9	50.02685942	92.99167443
590	59	10	44.75536614	90.16594668
591	60	1	51.45322972	75.71118641
592	60	2	55.28909298	79.43561733
593	60	3	55.30233636	84.77201268
594	60	4	49.3606429	87.26650524
595	60	5	47.08420292	86.27433909
596	60	6	59.10171403	78.36211968
597	60	7	51.24026672	76.73371192
598	60	8	51.4351788	75.67541048
599	60	9	52.98925512	77.48324516
600	60	10	46.88541418	82.07119941
601	61	1	50.85245853	74.72311839
602	61	2	48.41578865	77.43085769
603	61	3	50.95783202	79.86062889
604	61	4	53.39366416	89.91480947
605	61	5	48.94298749	97.23349228
606	61	6	54.8070639	89.64942034
607	61	7	53.90514795	80.14089635
608	61	8	50.32447079	83.38037343
609	61	9	53.71609069	78.28499602
610	61	10	55.28135935	83.83952151
611	62	1	49.16469813	74.00729799
612	62	2	45.34286754	73.91302344
613	62	3	45.70050199	82.5757729
614	62	4	45.72126997	85.4487747
615	62	5	50.30579764	89.61246032
616	62	6	49.35662805	94.20851357
617	62	7	48.48461708	92.51503622
618	62	8	45.11938998	98.7493731
619	62	9	47.10113668	98.00239349
620	62	10	47.19128337	96.92489991
621	63	1	44.20932105	84.67927485
622	63	2	42.14942738	82.99681918
623	63	3	49.25983101	77.19655479
624	63	4	42.74640934	84.36492391
625	63	5	47.339392	85.46647819
626	63	6	48.08508439	86.58872673
627	63	7	49.0259431	84.96385963
628	63	8	47.90261964	87.97592097
629	63	9	45.13577951	92.58456584
630	63	10	50.29343851	81.19076722
631	64	1	47.06729824	81.21932003
632	64	2	44.49493336	83.36682946
633	64	3	36.02044423	89.02143746
634	64	4	46.05012549	84.85408696
635	64	5	41.6832291	79.81148198
636	64	6	43.42613977	77.27683119
637	64	7	43.71749664	78.56207017
638	64	8	41.56133872	80.81879768
639	64	9	41.62560734	82.45745546
640	64	10	44.90886814	83.86538446
641	65	1	43.56047596	83.17065335
642	65	2	44.39645693	83.26112222
643	65	3	48.57445027	85.87464518
644	65	4	43.41891778	88.84906188
645	65	5	42.04781366	92.16783598
646	65	6	34.79377086	91.41237025
647	65	7	49.5008122	77.79381653
648	65	8	39.97763972	87.96872985
649	65	9	48.54987433	88.22650953
650	65	10	42.54960089	92.21111867
651	66	1	57.04351973	77.81157915
652	66	2	52.09909817	82.22545801
653	66	3	53.9626414	79.1262046
654	66	4	53.07010307	80.90522395
655	66	5	51.86986703	82.99671784
656	66	6	52.06704766	90.31833662
657	66	7	55.46673214	91.3843955
658	66	8	51.82385469	89.23679313
659	66	9	46.31518165	90.71823809
660	66	10	51.84056138	91.4929488
661	67	1	55.20505005	90.15966431
662	67	2	55.43504538	85.76705812
663	67	3	55.43538168	84.06249654
664	67	4	48.50937367	89.75880169
665	67	5	54.6919044	92.24659716
666	67	6	56.48925586	86.4454001
667	67	7	57.41541427	80.76313199
668	67	8	52.91079442	83.6190584
669	67	9	52.62000047	82.69609871
670	67	10	58.04919172	85.41556061
671	68	1	45.42024968	84.34172135
672	68	2	49.11354388	88.49837664
673	68	3	51.79642005	90.28228734
674	68	4	45.57071252	86.97338989
675	68	5	51.2629174	78.69901006
676	68	6	56.05762588	79.03466218
677	68	7	50.41185185	88.11667745
678	68	8	49.58867174	90.77967236
679	68	9	51.84876896	91.21085092
680	68	10	49.5868173	94.03751113
681	69	1	59.81834087	78.519223
682	69	2	60.09144614	81.73896951
683	69	3	57.38621473	78.02898447
684	69	4	53.84806327	79.89504661
685	69	5	53.42347756	80.06074351
686	69	6	55.59914765	81.13114646
687	69	7	59.77028124	83.55018816
688	69	8	51.50352422	82.98732724
689	69	9	51.71916427	82.49939011
690	69	10	55.41680027	84.82873361
691	70	1	67.58386203	81.28532578
692	70	2	63.65997934	80.07650491
693	70	3	69.0609246	76.47848084
694	70	4	67.4007874	71.14613934
695	70	5	65.88875863	72.6064704
696	70	6	68.85716189	71.32484299
697	70	7	67.56577297	75.09343133
698	70	8	65.0628724	76.47839636
699	70	9	67.09402229	77.58512752
700	70	10	68.34321756	78.40517644
701	71	1	47.14060071	86.84048727
702	71	2	44.09772005	87.31250105
703	71	3	48.63735729	89.46892754
704	71	4	49.53055935	89.76531393
705	71	5	46.90057434	94.26109311
706	71	6	46.50406466	90.58725925
707	71	7	45.84487543	89.49110248
708	71	8	52.55599821	82.82514574
709	71	9	46.90069727	90.72714021
710	71	10	45.59686859	95.41181691
711	72	1	24.00289559	91.83794209
712	72	2	26.8308037	94.00671815
713	72	3	31.29362939	90.09989951
714	72	4	32.14553113	89.44472252
715	72	5	32.35726637	89.61875068
716	72	6	33.99116934	88.02529709
717	72	7	30.94419177	90.865039
718	72	8	35.17041538	92.90589608
719	72	9	28.76210087	92.84220527
720	72	10	27.90132083	94.20444148
721	73	1	54.35894966	76.99058887
722	73	2	60.27279927	81.81172411
723	73	3	57.79714837	76.93902363
724	73	4	60.41536196	77.41191405
725	73	5	57.24278893	84.72783793
726	73	6	56.27023189	89.94800492
727	73	7	56.94085047	90.1242325
728	73	8	52.48805772	95.20665578
729	73	9	54.53706241	91.80415281
730	73	10	53.71980426	93.62312297
731	74	1	47.48936072	77.90348063
732	74	2	42.53440363	85.10468997
733	74	3	46.69477346	84.46878101
734	74	4	48.8758657	79.00534149
735	74	5	43.75106947	92.60692483
736	74	6	45.17803062	91.12779866
737	74	7	39.07319134	91.87423183
738	74	8	41.87038457	89.69393679
739	74	9	44.49503845	83.3449527
740	74	10	45.22365461	83.09518093
741	75	1	42.21773672	86.39278185
742	75	2	52.55050807	79.07005932
743	75	3	43.12076065	87.29561029
744	75	4	44.68866174	85.7618669
745	75	5	46.44530667	88.06593518
746	75	6	44.41787516	84.04328092
747	75	7	42.56522891	82.61334614
748	75	8	47.63184806	80.07863745
749	75	9	49.34256704	85.64008938
750	75	10	44.40684916	87.00247837
751	76	1	59.89137299	87.07798566
752	76	2	57.91233346	83.97072071
753	76	3	61.25393661	83.17288982
754	76	4	54.73606877	84.31737924
755	76	5	65.16715163	83.95928054
756	76	6	56.39397721	86.63746278
757	76	7	53.82802271	97.46440189
758	76	8	57.15181748	96.13202616
759	76	9	58.64469641	98.04663601
760	76	10	63.07543458	99.43200415
761	77	1	50.45544497	74.69016905
762	77	2	48.14919124	78.71019316
763	77	3	43.55336537	83.60124593
764	77	4	45.12370271	80.99439999
765	77	5	47.23196115	82.32855883
766	77	6	55.38089428	85.23883449
767	77	7	42.14113322	83.29172916
768	77	8	51.1149799	82.0990065
769	77	9	46.14011317	81.00598148
770	77	10	52.71978864	80.37145975
771	78	1	36.81665638	82.88561413
772	78	2	40.66512801	73.9495656
773	78	3	36.93560548	79.93144312
774	78	4	42.94480758	79.48013396
775	78	5	44.68559677	75.372206
776	78	6	46.08642132	85.63080951
777	78	7	42.62706027	90.29168818
778	78	8	45.76405707	86.75805931
779	78	9	43.97353003	89.32744252
780	78	10	39.83863357	96.19736762
781	79	1	52.88153955	89.19083692
782	79	2	48.5344452	85.38919511
783	79	3	50.89482133	88.70928409
784	79	4	55.11331896	81.23249574
785	79	5	53.07428027	80.27191529
786	79	6	52.82249983	83.56123092
787	79	7	48.33603472	85.51233236
788	79	8	49.63688815	81.43133505
789	79	9	49.1566098	82.73920755
790	79	10	52.63631545	85.10777423
791	80	1	45.91734621	86.45000815
792	80	2	50.57499327	83.15405939
793	80	3	45.53961986	82.60838044
794	80	4	54.37446047	83.03587472
795	80	5	50.27064315	86.21165481
796	80	6	46.78585826	90.559112
797	80	7	49.6120069	90.4160198
798	80	8	47.8315095	95.88095385
799	80	9	50.00231298	97.51345448
800	80	10	49.61946726	96.91322429
801	81	1	47.00377097	79.2545291
802	81	2	47.67217185	76.36410749
803	81	3	50.94489454	76.43506205
804	81	4	54.96326921	84.48356952
805	81	5	53.29996451	77.77989974
806	81	6	48.17241107	76.72977208
807	81	7	52.52388219	73.12467509
808	81	8	49.90040843	80.63194425
809	81	9	50.95005444	84.69307448
810	81	10	50.82719796	82.40472771
811	82	1	60.8085925	75.51350923
812	82	2	49.52637678	80.35060007
813	82	3	53.38500279	76.71626781
814	82	4	47.74231135	75.98556373
815	82	5	54.85175098	68.40778891
816	82	6	56.37206862	72.44901824
817	82	7	57.41922993	71.54357287
818	82	8	47.30680745	75.06045096
819	82	9	54.3205517	76.8408092
820	82	10	57.86235306	79.66656181
821	83	1	45.79267216	80.11914079
822	83	2	46.39826815	83.59203412
823	83	3	46.92510808	90.40754661
824	83	4	48.129776	90.17716191
825	83	5	49.03019937	95.55484312
826	83	6	50.9881824	97.62951055
827	83	7	46.74825697	100.796113
828	83	8	47.62355388	96.56105156
829	83	9	54.49871338	91.10920051
830	83	10	48.32801653	94.85935341
831	84	1	55.72127172	80.2194492
832	84	2	51.12828301	81.92774399
833	84	3	55.16358053	72.71404399
834	84	4	54.49103393	77.07386645
835	84	5	55.1218749	83.84769746
836	84	6	53.42875946	81.04689426
837	84	7	53.09456543	90.14638471
838	84	8	52.99269149	88.64612647
839	84	9	54.51149884	92.8728578
840	84	10	59.25941033	85.85349448
841	85	1	51.38336739	81.42221569
842	85	2	47.15618215	86.34368342
843	85	3	43.17835814	81.53887034
844	85	4	45.70235722	81.12883367
845	85	5	46.86282591	75.14738935
846	85	6	48.54702152	81.75978414
847	85	7	46.24828568	77.37242037
848	85	8	54.25614958	78.83295734
849	85	9	47.4193049	83.53683602
850	85	10	44.59427409	88.56632164
851	86	1	52.23047044	79.49948332
852	86	2	49.63812297	80.48537705
853	86	3	53.12272283	74.65651349
854	86	4	53.35515655	81.91012999
855	86	5	53.72101855	82.54583782
856	86	6	47.78868093	89.10169863
857	86	7	53.31638958	83.23438911
858	86	8	53.58560595	85.3829486
859	86	9	48.39093037	87.14627406
860	86	10	55.52035263	87.50635735
861	87	1	61.12722474	68.30252615
862	87	2	65.67357019	71.51789875
863	87	3	59.24482107	83.08785246
864	87	4	58.91491269	86.16337389
865	87	5	59.06446961	81.06680904
866	87	6	58.9840108	86.70240642
867	87	7	53.22929378	94.34842881
868	87	8	53.76133093	93.9827311
869	87	9	58.5420952	94.88100318
870	87	10	57.03150996	93.60306507
871	88	1	53.6456615	73.62018076
872	88	2	47.14782681	80.59564241
873	88	3	48.98535716	84.73803471
874	88	4	50.17700161	85.11785011
875	88	5	56.43962659	74.95494247
876	88	6	50.18598191	79.74332363
877	88	7	51.08291007	78.51511441
878	88	8	53.72107338	77.02758333
879	88	9	52.51321284	81.57332497
880	88	10	53.92070346	83.05850865
881	89	1	54.30773326	77.08923623
882	89	2	44.0187363	80.79456474
883	89	3	46.4761384	72.35668644
884	89	4	45.84226897	80.09961318
885	89	5	51.9297336	82.90798761
886	89	6	45.08409255	89.91491933
887	89	7	47.1462866	90.48464043
888	89	8	49.75394816	92.09939048
889	89	9	44.21677571	88.73008403
890	89	10	52.35807476	87.98123098
891	90	1	61.21774819	76.66509129
892	90	2	55.96784112	80.250847
893	90	3	60.55419437	81.25817473
894	90	4	58.55053952	80.54143506
895	90	5	60.13014726	81.47883739
896	90	6	58.92053536	84.04659642
897	90	7	62.40200906	88.53188098
898	90	8	55.13715979	93.63656506
899	90	9	57.62261086	89.54151899
900	90	10	58.44288891	87.75203441
901	91	1	54.96063467	76.59719793
902	91	2	54.82816572	77.40941362
903	91	3	57.89409013	83.42985549
904	91	4	57.55150545	80.91408335
905	91	5	50.30000252	90.3769118
906	91	6	61.06975121	84.10433038
907	91	7	58.69720806	79.03133051
908	91	8	65.19665297	82.75204372
909	91	9	60.00362556	86.76485507
910	91	10	56.60715292	86.59487899
911	92	1	62.77934912	72.7532926
912	92	2	62.88385375	80.18644089
913	92	3	50.73104023	84.6168011
914	92	4	55.79427154	82.65354287
915	92	5	53.75343492	83.50150897
916	92	6	54.94832912	86.80132523
917	92	7	55.06980386	85.84346006
918	92	8	50.60147429	89.30588129
919	92	9	55.24394442	91.52099722
920	92	10	59.63491777	89.91575626
921	93	1	51.41758387	82.19042718
922	93	2	51.42107375	78.56763975
923	93	3	56.1055699	80.44075676
924	93	4	54.6050426	75.01947795
925	93	5	46.96436943	81.54286211
926	93	6	52.5955248	77.8612718
927	93	7	56.87049558	80.65698836
928	93	8	56.15568293	90.13271923
929	93	9	53.16970869	92.80915487
930	93	10	54.0735163	92.7685585
931	94	1	41.38594576	86.16985966
932	94	2	45.87714609	88.74522754
933	94	3	42.11340459	93.38859989
934	94	4	43.60269719	90.38352506
935	94	5	47.78356244	89.37226727
936	94	6	41.56607206	88.12953211
937	94	7	45.77750614	88.629089
938	94	8	46.26174751	92.77418947
939	94	9	45.1414873	90.8655784
940	94	10	50.44331786	91.85170432
941	95	1	57.8181776	73.73826482
942	95	2	62.70361037	71.20467881
943	95	3	60.61842789	73.70139321
944	95	4	60.10272286	78.80401457
945	95	5	62.27749329	83.63941947
946	95	6	57.82401782	84.86700437
947	95	7	56.94486684	86.81193899
948	95	8	59.40177696	82.03681863
949	95	9	66.14049104	80.7204004
950	95	10	61.05251391	80.69982568
951	96	1	46.1922265	82.17488946
952	96	2	44.62838339	86.84619915
953	96	3	46.6094015	87.44886631
954	96	4	42.34288467	88.98946571
955	96	5	48.6716547	85.13376358
956	96	6	46.95203908	83.56329894
957	96	7	42.77856483	84.93058425
958	96	8	45.36158304	87.20931703
959	96	9	47.34691816	89.19581002
960	96	10	46.87111625	94.14195926
961	97	1	71.94446599	74.74054867
962	97	2	65.65970068	79.03822219
963	97	3	70.84707379	71.44728624
964	97	4	70.60830797	72.99593276
965	97	5	67.01121455	71.90068571
966	97	6	64.57088387	68.91737898
967	97	7	64.23122837	73.18704402
968	97	8	68.87202482	70.92211411
969	97	9	67.28528374	79.11048887
970	97	10	72.83597194	76.45473406
971	98	1	63.86629889	77.78901347
972	98	2	61.14505038	70.86776593
973	98	3	59.18425826	76.05465714
974	98	4	60.51367999	79.46932782
975	98	5	63.28955019	77.57465789
976	98	6	60.90808107	79.60397414
977	98	7	63.80357537	79.45723074
978	98	8	61.25787085	78.04210589
979	98	9	61.94420528	81.25690235
980	98	10	60.06935599	76.69682027
981	99	1	53.82952788	86.73369215
982	99	2	49.11226232	89.2101218
983	99	3	48.80629805	88.05490359
984	99	4	43.03880988	92.84995331
985	99	5	50.09377283	91.82262683
986	99	6	45.04352636	87.93709622
987	99	7	45.4398324	88.01882526
988	99	8	50.86942064	88.85531319
989	99	9	46.75629519	93.68399149
990	99	10	42.86928029	86.82941437
991	100	1	47.09834513	77.33628713
992	100	2	34.65641202	82.53503463
993	100	3	43.50706739	80.41362419
994	100	4	44.84038054	80.68816436
995	100	5	39.8957292	86.60242593
996	100	6	43.12149395	86.43694417
997	100	7	43.10602396	84.56488298
998	100	8	44.91050226	87.35097375
999	100	9	43.24093096	86.12023177
1000	100	10	41.05398146	84.89534688